material : "eut2.dif.lum.decal.over.rfx" {
	texture[0] : "/vehicle/truck/mercedes_actros_2009/interior/details.tobj"
	texture_name[0] : "texture_base"
	add_ambient : 0
	aux[5] : { 2000 , 10 }
	diffuse : { 0.447988 , 0.447988 , 0.447988 }
	reflection : 0
	shininess : 20
	specular : { 0.000773994 , 0.000773994 , 0.000773994 }
}
